output/Circuitscape/resistance.asc
NCOLS 96 
NROWS 78 
XLLCORNER 4530040 
YLLCORNER 3252790 
CELLSIZE 500 
NODATA_value -9999 
[rows 46 to 68 of 78, columns 0 to 52 of 96]
-9999 -9999 -9999 -9999 -9999 -9999 -9999 8108.99930212429 7156.4324867711 6769.53875708693 6684.80852535721 6153.2698046664 5122.982341754 5628.35354367242 7842.10336300457 8818.98271839858 7320.34499937957 0.001 0.001 0.001 7425.97516935925 0.001 0.001 -9999 8034.02915954998 7416.20812102679 7867.56343908444 8028.2817443025 -9999 7719.24381398752 -9999 -9999 -9999 -9999 -9999 -9999 -9999 -9999 8572.65090614099 8469.49135965312 7869.13099284213 -9999 7676.13347828373 6154.86954050229 5695.34035188876 5831.25694078746 8076.29141966039 9003.02499600593 8175.62306140316 8904.566845313 8321.85967911121 9401.171859756 9022.10334616723
-9999 -9999 -9999 -9999 -9999 7190.97831730542 8436.26151919289 8452.48977847382 7059.38372189943 7375.57106509302 6775.97271906735 6267.71077307149 5828.07498057886 5733.06819366533 8234.10549105212 8524.48098592601 0.001 0.001 0.001 0.001 7338.90629729136 0.001 7141.66603001688 -9999 7422.05687369798 8312.86713768552 7309.52254883471 7722.70992896461 7908.77797703081 7988.67738590669 8183.50036554239 8216.8803382477 7896.32244027157 8098.47035483098 8282.98062673803 8315.48391696435 -9999 -9999 -9999 8735.45717504568 8843.84836089254 -9999 6413.97774183805 6071.03870793393 6398.75992894836 5926.00549327002 7538.86982084287 8416.64216477909 8024.08215106307 8763.75697964249 8539.68376358525 9473.23073250924 -9999
-9999 -9999 -9999 -9999 -9999 7253.66817760482 8314.03341651412 8196.55623736046 8372.19367762938 8200.62233365418 7024.96247344946 7167.61493781104 6968.30071422539 6368.00025995413 7840.8030768402 8183.56804795799 0.001 0.001 0.001 6922.43230490941 7153.22821311914 7270.57191739198 -9999 0.001 0.001 0.001 7092.46770718651 7106.66401246339 7044.21216026764 8187.68448245913 8361.20838756949 8120.70566447225 8039.89417848075 8309.84105088797 8502.8442438863 -9999 8429.09918107534 7292.60511445319 7293.82841112746 -9999 -9999 -9999 -9999 6464.10489312494 5661.02956864571 5951.01425930726 7646.28529971024 8871.65410482293 8509.77813457915 9019.80051002628 -9999 9475.84718435588 8374.03353746123
-9999 -9999 -9999 -9999 -9999 7797.74002048067 8033.39659593949 8735.28385731056 9399.23440207487 9294.97997263972 8144.24206055322 8013.68420041709 7208.09361071193 7252.6267924828 8586.8091044676 -9999 7477.88723643621 0.001 0.001 0.001 0.001 -9999 -9999 0.001 7803.44329174514 0.001 6989.91428361931 7055.58577409295 6705.20657319922 7356.49432789157 7834.58251104963 7953.13117095995 7801.87642210026 8144.01615944765 -9999 -9999 8456.58852751379 7564.70560430477 7356.3686360613 9028.92713533557 -9999 -9999 7877.95065584213 -9999 -9999 8095.72538146616 8038.20553357432 8570.96389689576 -9999 -9999 -9999 -9999 9187.97877032236
-9999 -9999 -9999 -9999 -9999 8027.78116566134 7624.752029565 7042.64499798844 7736.27455720084 8583.88672917251 8714.2978439069 8369.51253649067 7575.79498999693 0.001 9409.06863134923 9247.41248417621 7654.89020872881 7185.88506804071 0.001 0.001 0.001 -9999 0.001 0.001 0.001 0.001 -9999 7094.31410891161 7106.52856651691 6566.60509028072 6675.15857428377 7828.24744006616 -9999 -9999 -9999 8058.76516812983 8480.44451144107 7303.31949581538 7495.2392061577 8259.6382162707 -9999 -9999 7836.74208051535 7738.56222148424 9015.24444225661 -9999 8059.88659210316 8210.38687813257 8072.16642134465 8180.73678844766 7847.58449000239 -9999 7806.69270771025
-9999 -9999 -9999 -9999 -9999 6768.0877606852 6810.3684507444 6345.41035943086 6234.97984419429 6845.36828018688 7265.54958790127 7592.68018588353 7919.24352556085 8322.16800205875 -9999 8013.5930201549 0.001 0.001 0.001 0.001 -9999 0.001 0.001 0.001 6895.67177409313 0.001 -9999 7263.10491710149 7716.4729084956 7955.40104557778 7074.65557790742 7408.1900440775 8020.17689552021 -9999 8415.39760002123 8231.46217120154 7293.74045173266 6985.09914714452 7914.50564440419 7719.73013419788 -9999 -9999 8836.12481858518 9000.35134832329 8603.03461797847 8640.70039534845 9228.12474779782 8936.97124973967 8702.65415324271 8226.31305376305 7583.18457133212 8337.55328835226 -9999
-9999 -9999 -9999 -9999 6482.72746104823 5805.33205542474 6671.76762050213 6293.79239523062 6204.37925438206 7248.87383795378 6846.06158033436 7444.38359624209 -9999 -9999 -9999 7815.60127997126 0.001 0.001 0.001 -9999 0.001 0.001 7943.7907686325 7534.27106296343 7748.60636247678 7725.81348077897 -9999 6939.80910936342 7812.92996556268 8515.17470139238 6825.95425422849 -9999 -9999 8324.08534066246 8405.62631421168 8327.38343143129 8251.62533840978 7700.15448079182 8286.23240505425 7766.75128228336 7952.8077517455 -9999 8180.68758003857 7850.68357176363 8071.2573215268 8321.61431738606 9165.8794292152 8646.42892030054 -9999 7381.48276744322 7404.34751640274 7742.1475164352 7450.07524305876
-9999 -9999 -9999 -9999 6426.04375772183 6735.02520967813 7511.84735578533 6868.68187510376 6996.86411721495 7046.27772851271 8178.66190032937 -9999 -9999 -9999 -9999 7800.76392968998 0.001 0.001 0.001 -9999 0.001 8088.91464827773 7338.71576836393 8068.45460533708 8449.4167127037 7308.64034835212 7794.84928082095 7380.30519493499 7334.42741584184 8096.2254839374 -9999 -9999 -9999 7336.68159515677 7588.11492365478 7246.94486418525 8106.61504187222 7814.47462999545 -9999 7671.11612277126 8362.66016296179 9055.55170108645 8732.71853424396 7893.92888429438 8283.49528442278 8453.72167365149 8679.83949724306 8024.83457360294 -9999 7009.71760985251 8113.83979842646 8136.20492405992 8126.0824007621
-9999 -9999 -9999 -9999 4374.57950435569 7631.10384214182 8309.37052620268 7272.44353969587 7754.19480718433 8102.39511257261 -9999 -9999 9388.68544224829 -9999 0.001 0.001 0.001 0.001 -9999 0.001 0.001 7633.64474538277 7694.61117897203 7622.49817067584 7075.29461529084 7277.89120540908 7433.10894483368 7651.30302021488 -9999 -9999 8942.72456239166 8319.32575373783 -9999 7847.1985956468 8378.01042486568 -9999 8317.78556226868 7450.02776380597 8125.69263903764 8335.22585610204 8787.41030695387 8725.07073977235 -9999 6947.09544123389 7780.17550020015 7343.15005409639 7759.37201578899 7018.38016197427 -9999 7839.82037190542 7182.56709988775 8270.89145353817 8278.62120896075
-9999 -9999 -9999 -9999 -9999 4661.69464673732 7051.02153884297 8117.65310154233 9229.70444534448 -9999 -9999 -9999 -9999 9189.72793117153 0.001 0.001 7440.85950217786 -9999 8034.59337107577 7873.72104856009 7685.44220356329 7409.02248440947 7546.86139968308 7755.13387758932 6898.2402583667 8350.81969811763 7953.68999313656 -9999 8620.2371361494 8947.52264648858 8820.90075615793 8314.57444479578 8173.04002233189 7564.95065760551 8615.0912366692 8370.44100166075 7710.25853197203 8021.08049272567 7577.17361566011 8395.82391074848 9408.43803091453 -9999 -9999 7027.21438041646 7099.13430445174 6481.49101489216 7064.30797064764 7542.67412731316 8182.95613137078 8154.69736028423 8245.83689781426 8706.63955303678 8793.1447482439
-9999 -9999 -9999 -9999 -9999 3009.43068696458 8606.99382247972 8331.40833811411 -9999 -9999 8391.17151430082 8882.16879556442 -9999 -9999 6865.24860103889 0.001 0.001 -9999 7775.09824083817 8139.48685670608 8124.35729032664 7467.72950085709 7217.2628250173 7411.14253661766 7544.53926510213 -9999 -9999 7871.15160872348 8351.80666868977 8782.54080236248 8957.6270716023 8801.85369798541 7789.17304621447 7220.74489812019 8125.37638410405 8403.49823003431 8210.29695231236 7547.93469980147 7690.73489707429 8516.5839765187 -9999 9090.50376654134 -9999 7836.49249278767 7552.0913005019 6228.97589111554 7053.93505243232 7414.50434978222 6912.64757163001 7939.2532328386 7766.57181021733 8142.00820600133 -9999
-9999 -9999 -9999 -9999 -9999 -9999 9246.95312198177 7726.27403722859 -9999 8647.79058157019 7189.50181177615 0.001 9064.95197352325 -9999 7580.47134880327 0.001 -9999 7005.25475228478 7939.37150503375 8095.26714181876 8054.8909294588 7307.87720673557 -9999 -9999 8130.53476386969 8333.19943875353 8095.7430937285 8102.83614111562 8858.8114946289 9111.49014510648 9226.4654929112 8449.42588539161 7749.70462011987 7934.99373925797 8591.78847301572 8877.70583928222 8501.67117650722 7630.896769406 7596.89699981939 8209.46620426268 -9999 -9999 9031.59320689205 -9999 7877.27914409172 7104.53790430402 7212.73478166947 6896.90764270043 6693.090355378 8263.22855573754 -9999 -9999 7765.41524230558
-9999 -9999 -9999 -9999 -9999 -9999 7623.19225769539 8373.86888257245 8192.17247036906 0.001 7759.13476210671 8572.66523057107 9151.32480617038 -9999 9302.48888363593 8187.38376093155 -9999 6331.64753031674 7010.60717539403 7177.14286044524 -9999 -9999 7760.26810502947 7562.78812457327 7986.09867037356 7539.3201138686 7940.76194832946 8968.69686430076 9429.86869588873 9281.38889789951 9102.4478989949 8428.25843485695 7999.84526487563 8389.95805122422 8219.71952863391 8255.03159104189 7630.05859514525 7980.15039039146 7611.98306106317 8261.56762671796 -9999 -9999 -9999 -9999 8118.45385787319 8549.37094116221 7978.13576482482 8095.6985570005 8111.86502013185 9012.32015306396 8813.16231400439 8539.89468944695 7887.99348902511
-9999 -9999 -9999 -9999 -9999 9013.11253266071 7871.51195775478 0.001 0.001 0.001 0.001 8642.94185080252 -9999 -9999 8825.24724078454 8599.89002585384 -9999 6646.19936200399 -9999 7167.86104042847 7021.35195565481 6862.05542041535 7026.24304024776 7629.76656327285 8005.53583600687 7587.60926873278 7611.23587062912 8680.19288188626 -9999 9375.74043588476 8523.03142098276 8003.10408432259 8435.85722944824 8489.67747239384 8380.92406397338 8554.4926405283 7153.44172202098 7353.16444734187 7583.9672694937 8651.85993473362 8697.06168306805 9443.98357577701 -9999 9079.04160435866 8288.56806972835 8018.42275236219 8087.45941637701 8251.0307115884 8479.35191430816 8927.06073184844 -9999 9222.27718988928 7118.22723416594
-9999 -9999 -9999 8315.31261877036 7834.77075083624 0.001 0.001 0.001 0.001 7311.97562603057 0.001 8762.7726168239 9022.98904073003 -9999 7727.39595572884 7704.56514921336 7901.41393352451 7626.37735598858 7102.6312074772 5539.89524898964 6344.64143983567 7324.3170991747 7377.83984743828 6881.33113327337 8146.66497691933 8197.12603991705 7693.0398809187 8368.12191740105 9437.71519606661 9110.72653920971 7626.84297387601 7925.86647420777 8756.94789101323 7735.45093717322 7838.52317018232 8214.21080180129 7414.06654907323 8174.50762992125 8128.49251227305 8215.28795763856 7849.23107612698 8645.19814951484 9395.84739003957 9363.43547979636 -9999 8566.98383435292 8261.54482805404 7394.26428051982 8040.92944858972 8134.55235917298 -9999 -9999 -9999
-9999 -9999 9457.80858796038 6466.59312264205 6550.2217682796 7620.56929105755 0.001 0.001 0.001 0.001 8484.93634883334 8626.75386055056 8410.16419186931 7331.53205384599 0.001 0.001 7232.15138584712 8331.68792604307 6122.88255804576 0.001 -9999 -9999 -9999 5603.3363010492 7778.83123804 8627.83114280218 7750.26799604606 8049.85248831568 8862.61802445318 8080.97714745427 6648.03109902414 7969.5340392925 8618.93210387489 7650.36335210833 7001.12723291564 7706.4145056336 8189.14929809471 8796.32289503241 8617.41530690273 -9999 7287.39995194693 8639.7902479135 9449.36813549423 9146.9241522821 -9999 9324.23367412827 8564.945141548 5552.75009299598 7681.27733632182 -9999 -9999 -9999 -9999
-9999 -9999 8380.82093452025 6435.40465425107 6045.89656095779 0.001 0.001 6103.94083087785 6914.30075425225 8435.34522359836 8573.08521774677 7478.86109362108 7795.8190497904 7473.85418581863 6632.71626709468 0.001 0.001 -9999 -9999 -9999 -9999 -9999 -9999 7294.07350772328 7063.16237927564 7475.43302843949 7948.38859418356 8453.68829989243 7405.23544372936 -9999 8222.04341803225 8473.94863442831 8696.73681996919 7706.62738456838 6495.95767331294 7195.19067171622 8472.51314048883 9182.50776171551 8274.08891432579 7706.46235369702 7050.08215154835 8664.10947339201 8991.60427781889 7894.7274556552 8690.81218542706 -9999 9325.33407858248 9463.57782583323 -9999 -9999 -9999 -9999 -9999
-9999 -9999 9481.52997056155 6387.84622524771 0.001 0.001 0.001 6685.45326292362 6692.7946709902 7818.71524360457 7336.14277922428 0.001 0.001 0.001 0.001 0.001 -9999 -9999 -9999 -9999 -9999 -9999 -9999 7275.85229373867 6655.84247112806 7159.03163201891 7227.81438194643 7756.20281167715 5855.69725092892 -9999 -9999 8923.27930459879 -9999 8966.23322905749 7153.41674165954 -9999 -9999 8996.06674772404 8717.70262278162 7620.77102808533 6276.17891272349 8755.55339518272 8646.29993656227 7963.92403707086 7976.73248748137 -9999 9102.78338043177 9444.11982687887 9454.69793889809 -9999 -9999 -9999 -9999
-9999 -9999 -9999 -9999 -9999 0.001 0.001 5343.65331771009 6937.08226689725 7178.19460477288 7187.6085136084 0.001 0.001 0.001 -9999 -9999 -9999 -9999 -9999 -9999 -9999 -9999 -9999 -9999 -9999 -9999 5558.5697080461 -9999 -9999 -9999 -9999 -9999 -9999 -9999 -9999 -9999 -9999 -9999 8805.41733934298 8085.18897813594 6941.73106276582 7629.02617534826 8569.98512888372 8241.15695966788 8064.96333085141 -9999 8165.37851396345 8791.60243924838 9127.8578331377 -9999 -9999 -9999 -9999
-9999 -9999 -9999 -9999 -9999 8798.48670251268 0.001 0.001 8830.94243755886 7947.65511377876 0.001 0.001 0.001 6775.77853881038 -9999 -9999 -9999 -9999 -9999 -9999 -9999 -9999 -9999 -9999 -9999 -9999 -9999 -9999 -9999 -9999 -9999 -9999 -9999 -9999 -9999 -9999 -9999 -9999 -9999 8023.10795502429 7518.03262790629 6748.71758724404 8560.3323039287 8833.91956751583 8329.3093645648 -9999 7521.59760381393 8569.03238649235 9287.89586613736 -9999 -9999 -9999 -9999
-9999 -9999 -9999 -9999 -9999 -9999 -9999 -9999 8259.69347936111 5479.72320597051 4357.98978292365 0.001 5080.17607260165 3605.8658492667 -9999 -9999 -9999 -9999 -9999 -9999 -9999 -9999 -9999 -9999 -9999 -9999 -9999 -9999 -9999 -9999 -9999 -9999 -9999 -9999 -9999 -9999 -9999 -9999 -9999 -9999 8675.38734111072 8023.29029339734 8723.76957731947 8496.50325365468 8303.5487793648 -9999 8252.76981036863 8353.15180385312 8907.50323266411 -9999 -9999 -9999 -9999
-9999 -9999 -9999 -9999 -9999 -9999 9278.41190850799 9307.6957458954 9120.74289966814 -9999 -9999 -9999 -9999 -9999 -9999 -9999 -9999 -9999 -9999 -9999 -9999 -9999 -9999 -9999 -9999 -9999 -9999 -9999 -9999 -9999 -9999 -9999 -9999 -9999 -9999 -9999 -9999 -9999 -9999 -9999 -9999 -9999 6181.18433333379 6971.62150404709 8191.41643417346 7955.49346798577 8030.33515083857 7520.80732602349 7343.31415061616 -9999 -9999 -9999 -9999
-9999 -9999 -9999 -9999 -9999 -9999 -9999 -9999 -9999 -9999 -9999 -9999 -9999 -9999 -9999 -9999 -9999 -9999 -9999 -9999 -9999 -9999 -9999 -9999 -9999 -9999 -9999 -9999 -9999 -9999 -9999 -9999 -9999 -9999 -9999 -9999 -9999 -9999 -9999 -9999 -9999 -9999 4812.66768000381 6145.17411146042 7635.86999600051 6974.33599711015 7570.42795521823 0.001 5613.20539971521 -9999 -9999 -9999 -9999
