output/Circuitscape/resistance.asc
NCOLS 96 
NROWS 78 
XLLCORNER 4530040 
YLLCORNER 3252790 
CELLSIZE 500 
NODATA_value -9999 
[rows 23 to 45 of 78, columns 0 to 52 of 96]
-9999 -9999 -9999 -9999 -9999 6988.10024895843 5892.06965806461 6190.5033686227 7683.67858947883 0.001 0.001 7006.93326871614 0.001 0.001 0.001 6580.35527857573 0.001 8089.74832267917 8099.81128568377 7305.77391558327 7652.31438195773 0.001 0.001 0.001 -9999 9194.13789518735 8773.44058088647 -9999 8295.31682697756 8817.57280086511 9006.85943479368 9220.88896288874 9018.03353792831 8351.56607691209 -9999 7979.04659674368 8790.33948312281 8725.00383390374 7829.19545437544 7679.36565251435 8140.53213686512 8502.52336823133 8299.49863295506 7793.63542263042 7449.28172527058 7763.11944728577 8072.88484640495 8398.49249632692 7451.12588421137 5537.68251399979 4623.31647117627 4756.95129128071 4920.25768715013
-9999 -9999 -9999 -9999 -9999 7409.96342669037 6562.99428625648 6240.12706628148 5673.26782253893 0.001 6489.19458903447 6861.57496711789 0.001 0.001 0.001 8345.27340206 0.001 7973.65129455834 7963.12818378481 7431.70983129695 0.001 0.001 8934.12997470346 -9999 -9999 8421.6973113671 8543.45804401121 8412.45521193813 -9999 9211.51051007658 8988.98660410889 8593.60074605773 8935.23302807699 7868.41338416181 7461.79371800921 -9999 8520.8494139855 8290.29831834337 7939.43797523819 7410.76719121828 6832.04856737538 7261.38691612164 8367.39517671637 7487.32077117362 7243.36591585538 8392.30728622819 -9999 8608.70033180628 7657.54792732923 6946.66611970926 5597.09246987075 5964.8591790943 5842.97400395734
-9999 -9999 -9999 -9999 -9999 7791.83826324472 8229.93873396087 7603.47289885819 4870.18566669091 6187.06711132919 7021.5867420987 7477.36329858234 6852.37602788937 0.001 0.001 7662.21124201773 8377.54694452038 7920.25129050736 8008.18076427911 7319.44939286616 0.001 0.001 -9999 -9999 7743.02650647932 8322.5010644045 8714.57648384763 8149.63045337674 8371.50505260029 -9999 8193.44513154235 8281.13805243738 8370.2394714707 8884.81769745188 8030.60370679316 7785.96426399307 8184.53159875149 -9999 8201.88381478177 8156.37845507927 7230.66589572837 6724.46854808131 7606.19115807988 8080.06819910699 8453.53497465567 8673.91078448897 -9999 8903.48737706762 8347.99072080308 6973.39318873813 7954.59300649642 8051.38105897123 6133.85340003553
-9999 -9999 -9999 -9999 -9999 -9999 -9999 -9999 -9999 7870.07733422368 8417.5945490176 7675.28439208714 0.001 0.001 7180.36587091216 7176.48600824389 7567.62343373398 7066.42875448574 7789.5198791069 7812.92766987646 7185.46993777317 9141.26422143006 -9999 8374.04174410139 7669.69225361297 8835.41353190285 8557.09451172651 7776.9561468565 7447.32531321578 -9999 8435.44262264894 8656.172201025 8187.4085876339 8935.3900694584 7649.21888357829 7925.83739685928 7971.35875001887 -9999 8235.25608256035 8420.52917351353 8368.70615699425 7121.12767829058 8185.58644272821 8643.67542283779 8984.96265246591 8418.86823153132 -9999 7865.16487634774 8576.58854171793 9026.61864857381 8986.40270827037 9142.55791719749 8464.34634079635
-9999 -9999 -9999 -9999 -9999 -9999 -9999 -9999 -9999 6097.40040696089 7788.01065007867 6910.12179687596 6694.09988720992 0.001 7522.34509504277 7790.01015147197 7583.80134628451 7453.67469586609 7860.99855125343 8624.06402622931 8689.19297578059 -9999 9139.77119208639 7839.7142082888 8738.7988617579 9114.11100459081 8546.45820238931 8474.76629495711 8424.3907644695 8877.12092222947 -9999 8705.80165447314 -9999 -9999 7316.90609059227 7362.11305337318 7873.07904600385 7819.79184645161 8590.53915824519 8802.77784090032 8175.93757201939 8305.1890987058 8491.63834167442 8627.03758736385 8660.6467421859 8646.0421617329 -9999 8271.08596140174 7888.21084842445 8835.43113706782 8290.0666353231 8912.86631087488 9164.89313265652
-9999 -9999 -9999 -9999 -9999 -9999 -9999 -9999 5188.90001847095 7690.82145352238 6962.91363590563 6588.88107196603 6675.76602589206 0.001 7016.4342466232 7398.85144761346 8034.78807773179 8576.1299097721 8575.14369085082 9287.51237075068 9248.30513135979 9022.37946120105 7820.75391663036 0.001 8608.45187346264 9192.58934997139 8983.24695816971 8977.57269363508 9307.90373207497 9447.56449695568 -9999 -9999 7890.719425073 8102.50084175261 8103.3313410395 6981.13355972307 7654.01298185186 7638.15451970023 -9999 -9999 -9999 8696.50659342987 7864.30257975784 7586.85428351446 8688.86435159502 8817.60879516917 -9999 8884.79517056869 8664.433089309 8379.05230281444 7703.5893677293 8093.05731679096 -9999
-9999 -9999 -9999 -9999 -9999 -9999 -9999 -9999 6265.19473290575 7851.94106546713 7476.94203033289 7245.18908749041 7417.31953688232 7934.03553980121 7494.38207076554 7335.76233030671 8335.21932502089 8481.57070222273 8541.3598615352 8799.07449672367 7729.59069915093 7617.73265035936 6929.31752621666 6696.08626460041 7953.27987191478 8567.82177661229 9367.7446045295 -9999 -9999 -9999 9158.24414725329 9190.29124032928 8401.06476487146 7494.24638315948 8000.31807678862 8312.39447814417 -9999 -9999 8505.18833910378 -9999 -9999 8868.94888796112 8494.68616136093 8550.60001203858 8299.59698522117 -9999 -9999 -9999 8628.48084435178 8715.40275197704 7859.69677049244 -9999 7661.35415379879
-9999 -9999 -9999 -9999 -9999 8510.73072898986 8135.78668995109 5264.24390927789 5395.07084212623 8322.57267013263 7927.23800838137 7739.75554850705 7583.04041117129 8203.03944576751 7958.13148136508 7358.82609239465 8456.82489483942 8351.34036772815 9107.55760003743 8455.23874895496 6900.63212113988 8686.14730847409 7480.9104512371 7612.48138143296 7606.98573979895 6936.67063232426 8447.60732110066 9284.04848294051 -9999 -9999 7383.50575406991 7826.92991460398 7958.15620491337 6602.30763935222 7393.90148250189 -9999 -9999 8565.81389366259 8856.96618148658 8390.97834639887 8721.16204678061 -9999 8805.92023125489 7994.3709245124 8120.2703267641 8285.03186840274 -9999 8396.75536989282 8307.82432452431 -9999 8661.44121887295 8595.83144788779 -9999
-9999 -9999 -9999 -9999 -9999 8572.86177764254 8161.48562508519 6095.10711704165 5791.31992602009 8628.0197997038 8263.79578728411 -9999 -9999 -9999 7495.74405310197 8269.16083594862 8874.23502523738 8787.5301164275 8960.40673691357 8365.09280635657 7968.80498989345 8651.1975210969 8340.12628697672 8126.31021256455 7809.64263501704 6466.08036089506 7377.40842480122 7954.98494951622 -9999 -9999 7533.26043282 7428.10618132063 7083.26679957484 6900.54519194666 -9999 -9999 8864.77847848163 -9999 -9999 8753.23101977513 7766.71465528699 7966.48795690431 8893.11487074749 8172.68869795471 8753.96913093791 8393.52650681264 -9999 8211.41783638064 8532.51396255664 7751.93712537643 8079.48815924761 8608.09949649813 -9999
-9999 -9999 -9999 -9999 -9999 8237.14704060873 8301.70629666785 8020.11617106987 7158.65569613333 7908.33509037825 7060.4720627353 7116.22436408719 8534.0341294376 8903.77249707889 8123.32011364775 8183.14866595873 8445.15259664087 9021.21256094593 9396.30242015298 8465.84426305038 8053.60006926475 8607.15093933612 8482.84003278015 8244.8643614111 7778.77605858588 7241.33011036845 7495.05410130991 7716.80308709951 -9999 7795.23172465224 8081.00984023737 8680.96017306048 8269.54867270778 -9999 7411.26021427267 -9999 8857.73464476327 8905.55916619706 -9999 8352.36671837194 7637.10920115605 8754.86030844568 8330.05120211435 8522.10943621471 8838.90484684554 8482.86610413785 -9999 -9999 7975.21984589915 7282.75316934948 7437.61636462898 7320.48372584018 8329.45250320375
-9999 -9999 -9999 -9999 -9999 8019.778220725 8033.28175456223 7974.13769525645 7060.34157654602 7832.51412934353 8006.64410185993 7612.11126204808 7367.96528418149 7755.79758806159 6798.69314580059 7636.13774387361 -9999 -9999 8540.17877757577 8963.08297735935 -9999 -9999 -9999 -9999 8513.84968366407 8378.21240812665 8315.60136297061 7971.83334900692 -9999 8565.00869547849 -9999 -9999 -9999 -9999 9183.06837524384 -9999 8741.02549660295 -9999 -9999 8704.975349077 7981.82625646279 8372.29275010899 8613.93957918062 7982.82022224184 8397.3020057414 8331.68699145035 8558.18136653807 8228.14612334407 8385.41868140808 7940.76620780344 -9999 6884.80065601251 -9999
-9999 -9999 -9999 -9999 -9999 9105.94468754499 8821.42603448501 8296.37765405819 8350.93057089671 9046.34830660418 8350.32084025393 8601.26425016723 8241.94189210237 8708.26368044973 8646.15743340205 7768.62903394851 -9999 8420.56018683056 8982.44689537195 9373.54524146168 -9999 -9999 -9999 -9999 9489.39714313834 9204.27564457067 -9999 -9999 -9999 -9999 8374.37017666938 8993.42282260966 9416.37034814913 9250.82149409841 8848.77164144463 -9999 9075.13974143428 8533.61010303742 -9999 8858.53444081073 9152.676126483 8574.04061600763 8469.92329616631 -9999 -9999 8441.79660321319 8695.53953380177 7374.36860353029 6953.34843301616 8449.87462461777 -9999 -9999 8240.67474315245
-9999 -9999 -9999 -9999 -9999 8157.2170991584 7799.8480066983 6699.6815224316 7497.42334738139 8858.45207374894 8460.89151434075 8076.18464823943 8542.89199633408 8412.26531446792 8728.41565555687 8669.6314882803 -9999 8570.80369209703 9453.0971859935 9240.10747469836 9275.46342463254 -9999 9314.3936253784 9131.83531194886 8794.61700714972 8167.94930505263 8096.08749562306 7914.6992003295 7608.50375674233 8520.58900239254 8745.72752338196 8699.15482819056 9240.47985351099 8943.5654413743 8619.41201439564 -9999 8827.30765791066 7682.15631981159 -9999 8966.15022350697 9065.67059395746 9134.26326424798 9090.07126380317 8861.43076661283 9117.90623822054 -9999 -9999 5691.10971913861 -9999 -9999 8503.31910850002 8517.72864221365 8338.33278458758
-9999 -9999 -9999 -9999 -9999 7904.19650892938 7848.09819935345 7343.15965068644 6675.10887596504 7244.07783715326 8007.50095307249 7119.45611733455 7421.33261192216 8227.68576168964 8237.28980919395 8381.56686548675 7655.05883558966 -9999 -9999 8193.76852889749 7819.89807123699 -9999 -9999 7104.06776488709 7131.45927074656 7506.80823949491 -9999 7990.17282037207 6989.69570517489 8675.06631360115 8671.29932425322 8499.38628835398 8672.72136808641 -9999 8767.75971971973 8485.64471244772 8823.21315940677 8220.67172397054 8318.03989614851 8762.89076573295 8929.49923287032 9171.66229534528 8682.66775872657 8690.59618019112 8951.91454418217 -9999 -9999 -9999 8074.93860216597 8346.39559705442 8612.50240901637 8011.20021315567 8419.34786647449
-9999 -9999 -9999 -9999 -9999 8697.28205397761 7723.23312239826 6948.38089055002 6686.12024724841 -9999 7621.0489650269 8003.90082025155 7295.96319906617 6641.67087183075 7995.09076737682 8439.33684788079 8572.340798478 7980.82985799624 6517.73377440081 7063.24856134341 7087.45390248136 7172.95434045478 7043.3554512981 7528.97323662138 -9999 -9999 -9999 -9999 -9999 -9999 8713.05799718574 8528.03972866854 8578.61255197105 8650.50922389053 8628.73150346833 8027.81058409945 7875.29742775467 8164.07472565682 7250.34666126814 7558.71981044158 8746.9912606211 8873.30743624754 8727.35803405177 8570.92318056023 -9999 8638.11473147179 -9999 8228.53359468052 -9999 -9999 -9999 -9999 -9999
-9999 -9999 -9999 -9999 -9999 9364.00966529928 8037.11150825944 6317.3868768594 4467.93510723464 5074.81244752425 7183.4169779365 -9999 -9999 8355.80899857314 7966.76263653708 8090.40632972413 7991.05268280589 7797.73357203262 6735.42639677095 0.001 7522.75034759788 8133.95192543997 8022.01796412284 7887.73114565109 8468.64401737371 8256.41594048273 8191.40543691605 -9999 8761.08158870663 8464.83122314196 -9999 -9999 8829.72705061228 -9999 -9999 -9999 -9999 -9999 6693.65583923253 6849.19049104401 8590.01648239103 9402.66381333301 9158.44406424437 -9999 8889.89920881802 8523.16911198982 -9999 -9999 8574.02759555345 8506.46648966316 8986.29154761804 8073.10304379978 7850.34296934101
-9999 -9999 -9999 -9999 -9999 -9999 8832.75780742617 6901.0762535331 4729.80569650301 4850.78644453365 6446.49441978056 7632.73925363559 7601.75448650514 8698.70459141846 -9999 -9999 -9999 7108.31242207194 7441.19856111502 7492.4992255218 8058.95298496094 9132.17270627484 8293.06640420025 7453.35658594286 8384.01833971258 8410.51367791992 8549.68338949444 -9999 -9999 -9999 -9999 -9999 -9999 -9999 8074.03241699139 7416.3867772609 -9999 7189.71410973354 7460.71971644958 -9999 -9999 -9999 9210.20170514125 8783.11541022838 8289.370460379 8595.64364365036 8528.05786724398 8563.9209826777 -9999 8662.76980787298 8989.61060011272 8688.21577709274 8297.77862236702
-9999 -9999 -9999 -9999 -9999 -9999 -9999 -9999 -9999 -9999 5723.10217167409 5471.67756901019 7109.37500390538 7789.90752701231 8224.6952223279 8445.39301746411 8125.54554072769 7887.71955781156 -9999 -9999 -9999 -9999 -9999 -9999 -9999 -9999 -9999 -9999 8189.79418020838 8613.71016970057 8795.82573622229 8736.77512892466 8697.847072258 -9999 -9999 8078.08727027383 -9999 8349.63869120436 -9999 8623.49423718313 8372.66277061528 8894.27177332301 8846.78836358963 8485.56962525803 8310.61632719067 8725.18062823731 7941.12450715992 8806.26494462218 8913.03027885924 -9999 -9999 8663.93653462115 8696.76810396227
-9999 -9999 -9999 -9999 -9999 -9999 -9999 -9999 -9999 -9999 6618.34597629726 7242.7488268671 6553.00197498562 7522.28410136408 7690.96872613089 8704.46986225457 8282.11864572129 0.001 7269.17498698526 6878.80332660954 0.001 7040.95871031341 6196.61776654939 6210.80028228927 7820.11146157341 9037.52912697503 -9999 8770.06208337215 8062.49555270129 8699.27546377525 -9999 8470.00399493408 8728.82255606048 8677.2990949731 8729.12959181072 -9999 8809.18049035864 9179.09198485807 -9999 8828.28509428616 7857.4418728611 8375.73577995147 8437.90401437968 -9999 -9999 -9999 8570.70434868437 8425.85546318078 7986.31860839602 8593.73636661526 9043.35482254163 -9999 -9999
-9999 -9999 -9999 -9999 -9999 -9999 -9999 -9999 -9999 3158.39749743222 7749.83590538318 8715.86725788361 8440.0444250208 7326.22260337188 8330.79102212986 -9999 -9999 8544.86709732222 0.001 6867.73849365175 7164.72760239455 6742.63630665053 0.001 0.001 7529.28960646919 -9999 -9999 -9999 8847.51182217738 8475.463853826 8326.24838220782 8249.26567283068 8417.93584895645 8423.26604162052 8366.28108421091 8841.94571503856 8970.05768282374 8898.74947499035 -9999 7718.14993066077 7691.56560414453 -9999 -9999 7874.52917927073 7646.71388831526 8292.07764500457 8469.4801260269 8257.06602881869 7937.50713144727 7258.10591266662 7435.27938589263 -9999 8498.36316986484
-9999 -9999 -9999 -9999 -9999 -9999 -9999 -9999 -9999 0.001 5487.51443633676 7280.78301640283 7701.73596434783 6437.74328541671 8541.69152844289 -9999 8653.27015493173 7926.68860601822 7367.10425677467 0.001 0.001 0.001 0.001 0.001 7213.77213643781 -9999 8198.83038094928 -9999 -9999 8739.38883579849 8507.83736577479 -9999 -9999 -9999 8285.93649633352 8411.0266772435 8653.38499975975 8523.55614703786 -9999 -9999 -9999 -9999 8570.39254260468 8153.17996232654 7890.24504054867 8317.68724864598 8746.13755097531 8379.31005771058 8404.40502629666 7953.75541029608 8632.95154152157 8209.49892392166 6710.3855839372
-9999 -9999 -9999 -9999 -9999 -9999 -9999 -9999 3003.50574925967 4215.35662362956 5014.90019000485 6444.51152578788 6861.04782502261 6527.67836666368 8298.67086898998 8340.53789644292 0.001 7472.73133371663 7343.90217848326 0.001 0.001 7359.18048139648 0.001 6605.1254558408 -9999 8459.75145008673 7624.86912207016 7433.5696585446 8136.09987122755 -9999 -9999 -9999 8429.9171818767 8709.20305835362 8580.46184074698 8218.03562690195 8340.96745056768 -9999 8934.09758109251 8590.19611697623 8236.05916116907 -9999 9186.56745215221 8754.72907991794 7565.57211895589 5338.23977618655 7032.22626418501 8679.48607419406 8494.61802757806 8298.61820035071 8622.83087711433 8698.24292297331 7477.11347709122
-9999 -9999 -9999 -9999 -9999 -9999 -9999 4813.58059698991 4942.41539488424 5315.59786246033 5701.90762259534 5924.76342521278 5307.57971430762 6557.21219803443 8822.95219649016 7628.77909700005 7365.88959449811 7276.39663471252 0.001 0.001 0.001 0.001 0.001 6498.30082152288 7604.51561151746 7300.05261938459 7626.77559898039 7376.73648642393 -9999 -9999 -9999 7349.67998028033 7678.56383941094 7848.82545963437 8003.21730089168 7723.8316639204 -9999 8682.10888806049 8582.81838349667 8026.2814703891 7727.77857085164 -9999 9186.95264183076 8721.07966457376 6813.86245617636 5902.34511130566 7074.53648443372 8781.11100452557 8829.39020791871 8553.75797013635 8461.43431490523 9128.09586213387 7866.85545305692
